24  3  0  0
   1    1.8030299999999999  -1.1350000000000001e-08  -0.024995860000000002
   2    -0.90151479999999995  -1.5614699999999999  -0.024995860000000002
   3    3.661851  1.093271e-07  1.321356
   4    0.90151490000000001  1.5614699999999999  -0.024995860000000002
   5    -3.661851  -2.1080200000000001e-07  1.321356
   6    -0.90151510000000001  1.5614699999999999  -0.024995860000000002
   7    -1.8030299999999999  -1.689759e-07  -0.024995860000000002
   8    0.90151479999999995  -1.5614699999999999  -0.024995860000000002
   9    1.698936  2.9426429999999999  3.586624
  10    -1.8309260000000001  3.1712560000000001  1.321356
  11    -1.698936  2.9426429999999999  3.586624
  12    1.8309260000000001  3.1712560000000001  1.321356
  13    -1.8309249999999999  -3.1712560000000001  1.321356
  14    1.8309249999999999  -3.1712560000000001  1.321356
  15    1.86843  -1.7941840000000001e-08  5.6615599999999997
  16    -0.93421509999999996  1.6181080000000001  5.6615599999999997
  17    3.3978709999999999  7.5570740000000005e-08  3.586624
  18    0.93421480000000001  1.6181080000000001  5.6615599999999997
  19    -1.86843  -1.8128520000000001e-07  5.6615599999999997
  20    -3.3978709999999999  -2.214806e-07  3.586624
  21    -1.6989350000000001  -2.9426420000000002  3.586624
  22    0.93421480000000001  -1.6181080000000001  5.6615599999999997
  23    -0.93421480000000001  -1.6181080000000001  5.6615599999999997
  24    1.6989350000000001  -2.9426420000000002  3.586624
# Generated by tetgen -pq C:\Users\tonye\Downloads\TetGen\x64\Release\container.stl 
