48  4  0
    1      16     7    19    20
    2      11     6     4    18
    3       6     5     7    20
    4      17     9     4    18
    5       5    21     7    20
    6      11     9     4    10
    7       7    21    19    20
    8      22     2     7     8
    9      13    14     2    24
   10      24    22     1     8
   11       9    17     4    12
   12      22     7     1     8
   13       5    21    13     7
   14      13    21     2     7
   15      22    21     2    24
   16       3    14    24     1
   17       9    11     4    18
   18       7    15    19    23
   19       6    11     4    10
   20      21    22     2    23
   21       9     4    10    12
   22       6    11    10    20
   23       5     6    10    20
   24      11     6    16    20
   25      16     6     7    20
   26       2    22     7    23
   27      21     2     7    23
   28      21     7    19    23
   29      21    13     2    24
   30      14     2    24     8
   31       2    22    24     8
   32      14    24     1     8
   33       6    11    16    18
   34       7    16    19    18
   35      15     7    19    18
   36       4     6     7    18
   37       6    16     7    18
   38      17     4    12     1
   39       3    17    12     1
   40      17     3    24     1
   41       7     4    18     1
   42      15     7    18     1
   43      15    17    24     1
   44      22    15    24     1
   45       7    22    15    23
   46      22     7    15     1
   47      17    15    18     1
   48       4    17    18     1
# Generated by tetgen -pq C:\Users\tonye\Downloads\TetGen\x64\Release\container.stl 
